143-28-2	-0.268	-0.392	0.800	3.117	0.978	0.918
75-09-2		0.192	-0.572	1.492	0.460	0.847	0.965
67-66-3		0.157	-0.560	1.259	0.374	1.333	0.976
56-23-5		0.217	-0.435	0.554	0.000	0.000	1.069
107-06-2	0.017	-0.337	1.600	0.774	0.637	0.921
109-69-3	0.130	-0.581	1.114	0.724	0.000	1.016
106-97-8	0.341	0.000	0.000	0.000	0.000	0.901
109-66-0	0.351	0.000	0.000	0.000	0.000	0.953
110-54-3	0.320	0.000	0.000	0.000	0.000	0.945
142-82-5	0.284	0.000	0.000	0.000	0.000	0.950
111-65-9	0.219	0.000	0.000	0.000	0.000	0.960
111-84-2	0.193	0.000	0.000	0.000	0.000	0.964
124-18-5	0.159	0.000	0.000	0.000	0.000	0.972
1120-21-4	0.113	0.000	0.000	0.000	0.000	0.971
112-40-3	0.017	0.000	0.000	0.000	0.000	0.989
544-76-3	0.000	0.000	0.000	0.000	0.000	1.000
110-82-7	0.163	-0.110	0.000	0.000	0.000	1.013
108-87-2	0.318	-0.215	0.000	0.000	0.000	1.012
3178-22-1	0	0	0	0	0	0					
540-54-1	0.264	-0.230	0.000	0.000	0.000	0.975
1647-16-1	-0.012	-0.068	-0.261	0.500	0.757	1.014
629-73-2	-0.021	0.027	0.091	0.224	0.123	0.976
111-01-3	-0.112	0.115	0.000	0.000	0.000	0.999
71-43-2		0.107	-0.313	1.053	0.457	0.169	1.020
108-88-3	0.085	-0.400	1.063	0.501	0.154	1.011
95-47-6		0.064	-0.296	0.934	0.647	0.000	1.010
108-38-3	0.071	-0.423	1.068	0.552	0.000	1.014
106-42-3	0.113	-0.302	0.826	0.651	0.000	1.011
100-41-4	0.059	-0.295	0.924	0.573	0.098	1.010
462-06-6	0.181	-0.621	1.432	0.647	0.000	0.986
108-90-7	0.064	-0.399	1.151	0.313	0.171	1.032
108-86-1	-0.064	-0.326	1.261	0.323	0.292	1.002
591-50-4	-0.171	-0.192	1.197	0.245	0.245	1.002
98-95-3		-0.296	0.092	1.707	1.147	0.443	0.912
100-47-0	-0.075	-0.341	1.798	2.030	0.291	0.880
98-86-2		-0.062	-0.178	1.677	2.167	0.340	0.863
8001-25-0	-0.188	-0.095	0.851	1.468	0.000	0.873
75-15-0		0.101	0.251	0.177	0.027	0.095	1.068
110-27-0	-0.696	-0.122	0.575	2.072	0.777	0.999
67-56-1		-0.039	-0.338	1.317	3.826	1.396	0.773
64-17-5		0.017	-0.232	0.867	3.894	1.192	0.846
71-23-8		-0.042	-0.246	0.749	3.888	1.076	0.874
71-36-3		-0.004	-0.285	0.768	3.705	0.879	0.890
71-41-0		-0.002	-0.161	0.535	3.778	0.960	0.900
111-27-3	-0.014	-0.205	0.583	3.621	0.891	0.913
111-70-6	-0.056	-0.216	0.554	3.596	0.803	0.933
111-87-5	-0.147	-0.214	0.561	3.507	0.749	0.943
143-08-8	-0.105	-0.146	0.431	3.532	0.694	0.954
112-30-1	-0.139	-0.090	0.356	3.547	0.727	0.958
67-63-0		-0.048	-0.324	0.713	4.036	1.055	0.884
78-83-1		-0.003	-0.357	0.699	3.595	1.247	0.881
78-92-2		-0.034	-0.387	0.719	3.736	1.088	0.905
75-65-0		0.053	-0.443	0.699	4.026	0.882	0.907
137-32-6	-0.055	-0.348	0.601	3.565	0.996	0.925
75-85-4		0.097	-0.375	0.653	3.975	0.875	0.914
123-51-3	-0.052	-0.430	0.628	3.661	0.932	0.937
6032-29-7	-0.031	-0.325	0.496	3.792	1.024	0.934
105-30-6	-0.061	-0.289	0.539	3.787	0.911	0.923
108-11-2	-0.013	-0.606	0.687	3.622	0.436	0.985
104-76-7	-0.127	-0.339	0.551	3.397	0.722	0.963
75-89-8		-0.092	-0.547	1.339	2.213	3.807	0.645
107-21-1	-0.887	0.132	1.657	4.457	2.355	0.565
111-46-6	-0.496	0.167	1.961	3.831	1.057	0.617
112-27-6	-0.469	0.235	2.079	3.824	0.775	0.626
57-55-6		-0.607	0.239	1.008	4.278	1.755	0.706
109-86-4	-0.141	-0.265	1.810	3.641	0.590	0.790
110-80-5	-0.064	-0.257	1.452	3.672	0.662	0.843
2807-30-9	-0.091	-0.288	1.265	3.566	0.390	0.902
109-56-8	-0.045	-0.264	1.296	3.636	0.352	0.880
111-76-2	-0.109	-0.304	1.126	3.407	0.660	0.914
2517-43-3	-0.252	-0.364	1.182	3.622	0.594	0.934
57018-52-7	-0.043	-0.343	1.197	3.525	0.216	0.904
64-19-7		-0.070	-0.366	1.300	2.736	2.117	0.796
60-29-7		0.288	-0.379	0.904	2.937	0.000	0.963
108-20-3	0.139	-0.473	0.610	2.568	0.000	1.016
142-96-1	0.153	-0.406	0.758	2.152	-0.610	1.008
1634-04-04	0.231	-0.536	0.890	2.623	0.000	0.999
109-99-9	0.189	-0.347	1.238	3.289	0.000	0.982
112-73-2	0.196	-0.121	0.971	2.696	0.000	0.897
112-49-2	-0.198	-0.048	1.061	2.751	0.000	0.866
143-24-8	-0.296	-0.290	2.005	3.555	0.000	0.882
123-91-1	-0.034	-0.354	1.674	3.021	0.000	0.919
79-20-9		0.134	-0.477	1.749	2.678	0.000	0.876
141-78-6	0.182	-0.352	1.316	2.891	0.000	0.916
109-60-4	0.246	-0.346	1.318	2.537	0.000	0.916
123-86-4	0.147	-0.414	1.212	2.623	0.000	0.954
623-42-7	0.201	-0.502	1.290	2.469	0.000	0.958
628-63-7	0.154	-0.424	1.172	2.506	0.000	0.962
122-32-7	0.146	0.179	0.079	0.548	1.345	0.909
67-64-1		0.127	-0.387	1.733	3.060	0.000	0.866
78-93-3		0.112	-0.474	1.671	2.878	0.000	0.916
108-94-1	-0.086	-0.441	1.725	2.786	0.000	0.957
68-12-2		-0.391	-0.869	2.107	3.774	0.000	1.011
127-19-5	-0.308	-0.736	1.802	4.361	0.000	1.028
685-91-6	-0.075	-0.434	1.911	4.801	0.000	0.899
761-65-9	-0.002	-0.239	1.402	4.029	0.000	0.900
872-50-4	-0.128	-0.029	2.217	4.429	0.000	0.777
675-20-7	-0.264	-0.171	2.086	5.056	0.000	0.883
4394-85-8	-0.437	0.024	2.631	4.318	0.000	0.712
123-39-7	-0.249	-0.142	1.661	4.147	0.817	0.739
627-45-2	-0.220	-0.302	1.743	4.498	0.480	0.824
79-16-3		-0.197	-0.175	1.608	4.867	0.375	0.837
625-50-3	-0.018	-0.157	1.352	4.588	0.357	0.824
75-12-7		-0.800	0.310	2.292	4.130	1.933	0.442
75-05-8		-0.007	-0.595	2.461	2.085	0.418	0.738
107-12-0	0.101	-0.433	1.981	2.059	0.399	0.801
109-74-0	0.154	-0.262	1.694	2.214	0.349	0.834
75-52-5		-0.340	-0.297	2.689	2.193	0.514	0.728
67-68-5	-0.556	-0.223	2.903	5.037	0.000	0.719
126-73-8	-0.036	-0.285	1.385	3.735	0.000	0.899
108-32-7	-0.356	-0.413	2.587	2.207	0.455	0.719
126-33-0	-0.414	0.084	2.396	3.144	0.420	0.684
62-53-3	-0.394	-0.362	1.895	2.421	1.334	0.842
110-86-1	-0.145	-0.416	1.915	4.443	0.000	0.946
335-57-9	0.120	-0.379	-0.579	0.000	0.948	0.698
105-58-8	0.092	-0.598	1.527	1.942	0.000	0.948
100-51-6	-0.305	-0.344	1.533	2.773	1.372	0.860
